 , ,
"" , ,
"" 0 , "bpm" , 60
"" 0 , "length" , 16
"" 0 , "rhythm" , 0.015873 0 0.111111 0 0.253968 0.365079 0.555556 0.52381 0.587302 0.52381 0 0.539683 0.650794 0.650794 0.730159 0.857143
"" 0 , "steps" , 4
"" 1 , "bpm" , 60
"" 1 , "length" , 16
"" 1 , "rhythm" , 0.952381 0.746032 0.238095 0.206349 0 0.126984 0.285714 0 0.206349 0 0 0.031746 0 0.444444 0.253968 0
"" 1 , "steps" , 4
"" 2 , "bpm" , 60
"" 2 , "length" , 16
"" 2 , "rhythm" , 0.984127 0.68254 0.68254 0.650794 0.555556 0.126984 0.285714 0 0.206349 0 0 0.031746 0 0.444444 0.253968 0
"" 2 , "steps" , 4
