0 0 15 14 14 14 14 6311.62 1 4862 1.21212 22.9952 48.0035 97.4684 97.4684 98.7342 0 0 0 0 0 0 0 0 0 0 -26.0526 26.0526 0 -45 45
;
0 133 15 14 14 14 14 6311.62 1 4862 1.21212 22.9952 48.0035 97.4684 97.4684 98.7342 0 0 0 0 0 0 0 0 0 0 -26.0526 26.0526 0 -45 45
;
0 72 15 14 14 13 15 6311.62 1 4862 1.21212 22.9952 48.0035 97.4684 97.4684 98.7342 94.9367 94.9367 0 0 0 0 0 0 0 0 -26.0526 26.0526 0 -45 45
;
0 55 15 14 13 13 15 6311.62 1 4862 1.21212 22.9952 48.0035 97.4684 97.4684 98.7342 94.9367 94.9367 0 0 0 0 0 0 0 0 -26.0526 26.0526 0 -45 45
;
0 10 15 14 13 13 15 6311.62 1 4862 1.21212 22.9952 48.0035 97.4684 97.4684 98.7342 94.9367 94.9367 0 0 0 0 0 0 0 0 -26.0526 26.0526 0 -45 45
;
0 61 13 14 13 13 15 6311.62 1 4862 1.21212 22.9952 48.0035 97.4684 97.4684 98.7342 94.9367 94.9367 0 0 0 0 0 0 0 0 -26.0526 26.0526 0 -45 45
;
0 58 13 14 13 13 15 6311.62 1 4862 -21.8182 22.9952 48.0035 97.4684 97.4684 98.7342 94.9367 94.9367 0 0 0 0 0 0 0 0 -26.0526 26.0526 0 -45 45
;
0 30 13 12 13 13 15 6311.62 1 4862 -55.7576 22.9952 48.0035 97.4684 97.4684 98.7342 94.9367 94.9367 0 0 0 0 0 0 0 0 -26.0526 26.0526 0 -45 45
;
0 34 13 12 13 13 15 2152.78 55 4862 -55.7576 22.9952 48.0035 97.4684 97.4684 98.7342 94.9367 94.9367 0 0 0 0 0 0 0 0 -26.0526 26.0526 0 -45 45
;
0 26 13 14 13 13 15 6311.62 1 4862 -21.8182 22.9952 48.0035 97.4684 97.4684 98.7342 94.9367 94.9367 0 0 0 0 0 0 0 0 -26.0526 26.0526 0 -45 45
;
0 26 13 12 13 13 15 2152.78 55 4862 -55.7576 22.9952 48.0035 97.4684 97.4684 98.7342 94.9367 94.9367 0 0 0 0 0 0 0 0 -26.0526 26.0526 0 -45 45
;
0 51 13 12 13 13 13 2152.78 84 4862 -55.7576 22.9952 48.0035 97.4684 97.4684 98.7342 94.9367 94.9367 0 0 0 0 0 0 0 0 -26.0526 26.0526 0 -45 45
;
0 37 13 12 13 13 14 2152.78 84 4862 -55.7576 22.9952 48.0035 97.4684 97.4684 98.7342 94.9367 94.9367 0 0 0 0 0 0 0 0 -26.0526 26.0526 0 -45 45
;
0 22 13 12 13 15 14 2152.78 84 4862 -55.7576 22.9952 48.0035 97.4684 97.4684 98.7342 94.9367 94.9367 0 0 0 0 0 0 0 0 -26.0526 26.0526 0 -45 45
;
0 16 13 12 13 15 14 2152.78 84 4862 -55.7576 22.9952 48.0035 97.4684 97.4684 98.7342 94.9367 94.9367 0 0 0 0 0 0 0 0 -26.0526 26.0526 0 -45 45
;
0 28 13 12 13 13 15 2152.78 84 3251.33 -55.7576 22.9952 48.0035 97.4684 97.4684 98.7342 94.9367 94.9367 0 0 0 0 0 0 0 0 -26.0526 26.0526 0 -45 45
;
0 23 13 12 13 13 15 798.737 84 3251.33 -41.2121 22.9952 48.0035 97.4684 97.4684 98.7342 94.9367 94.9367 0 0 0 0 0 0 0 0 -26.0526 26.0526 0 -45 45
;
0 35 14 14 14 14 14 6311.62 1 4862 1.21212 22.9952 48.0035 0 1.26582 98.7342 0 0 0 0 0 0 0 0 0 0 -26.0526 26.0526 0 -45 45
;
0 18 14 14 14 14 14 6311.62 1 4862 1.21212 22.9952 48.0035 0 97.4684 98.7342 0 0 0 0 0 0 0 0 0 0 -26.0526 26.0526 0 -45 45
;
0 11 15 14 14 14 14 6311.62 1 4862 1.21212 22.9952 48.0035 97.4684 97.4684 98.7342 0 0 0 0 0 0 0 0 0 0 -26.0526 26.0526 0 -45 45
;
0 15 15 14 14 14 15 6311.62 1 4862 1.21212 22.9952 48.0035 97.4684 97.4684 98.7342 94.9367 0 0 0 0 0 0 0 0 0 -26.0526 26.0526 0 -45 45
;
0 15 15 14 14 13 15 6311.62 1 4862 1.21212 22.9952 48.0035 97.4684 97.4684 98.7342 94.9367 94.9367 0 0 0 0 0 0 0 0 -26.0526 26.0526 0 -45 45
;
0 14 15 14 13 13 15 6311.62 1 4862 1.21212 22.9952 48.0035 97.4684 97.4684 98.7342 94.9367 94.9367 0 0 0 0 0 0 0 0 -26.0526 26.0526 0 -45 45
;
0 9 15 14 14 13 15 6311.62 1 4862 1.21212 22.9952 48.0035 97.4684 97.4684 98.7342 94.9367 94.9367 0 0 0 0 0 0 0 0 -26.0526 26.0526 0 -45 45
;
0 11 13 14 13 13 15 6311.62 1 4862 1.21212 22.9952 48.0035 97.4684 97.4684 98.7342 94.9367 94.9367 0 0 0 0 0 0 0 0 -26.0526 26.0526 0 -45 45
;
0 9 15 14 13 13 15 6311.62 1 4862 1.21212 22.9952 48.0035 97.4684 97.4684 98.7342 94.9367 94.9367 0 0 0 0 0 0 0 0 -26.0526 26.0526 0 -45 45
;
0 13 13 14 13 13 15 6311.62 1 4862 1.21212 22.9952 48.0035 97.4684 97.4684 98.7342 94.9367 94.9367 0 0 0 0 0 0 0 0 -26.0526 26.0526 0 -45 45
;
0 7 15 14 13 13 15 6311.62 1 4862 1.21212 22.9952 48.0035 97.4684 97.4684 98.7342 94.9367 94.9367 0 0 0 0 0 0 0 0 -26.0526 26.0526 0 -45 45
;
0 9 13 14 13 13 15 6311.62 1 4862 1.21212 22.9952 48.0035 97.4684 97.4684 98.7342 94.9367 94.9367 0 0 0 0 0 0 0 0 -26.0526 26.0526 0 -45 45
;
0 7 15 14 13 13 15 6311.62 1 4862 1.21212 22.9952 48.0035 97.4684 97.4684 98.7342 94.9367 94.9367 0 0 0 0 0 0 0 0 -26.0526 26.0526 0 -45 45
;
0 9 13 14 13 13 15 6311.62 1 4862 1.21212 22.9952 48.0035 97.4684 97.4684 98.7342 94.9367 94.9367 0 0 0 0 0 0 0 0 -26.0526 26.0526 0 -45 45
;
0 8 15 14 13 13 15 6311.62 1 4862 1.21212 22.9952 48.0035 97.4684 97.4684 98.7342 94.9367 94.9367 0 0 0 0 0 0 0 0 -26.0526 26.0526 0 -45 45
;
0 15 13 14 13 13 15 6311.62 1 4862 -12.1212 22.9952 48.0035 97.4684 97.4684 98.7342 94.9367 94.9367 0 0 0 0 0 0 0 0 -26.0526 26.0526 0 -45 45
;
0 5 15 14 13 13 15 6311.62 1 4862 1.21212 22.9952 48.0035 97.4684 97.4684 98.7342 94.9367 94.9367 0 0 0 0 0 0 0 0 -26.0526 26.0526 0 -45 45
;
0 6 13 14 13 13 15 6311.62 1 4862 1.21212 22.9952 48.0035 97.4684 97.4684 98.7342 94.9367 94.9367 0 0 0 0 0 0 0 0 -26.0526 26.0526 0 -45 45
;
0 12 13 14 13 13 15 6311.62 1 4862 -12.1212 22.9952 48.0035 97.4684 97.4684 98.7342 94.9367 94.9367 0 0 0 0 0 0 0 0 -26.0526 26.0526 0 -45 45
;
0 6 15 14 13 13 15 6311.62 1 4862 1.21212 22.9952 48.0035 97.4684 97.4684 98.7342 94.9367 94.9367 0 0 0 0 0 0 0 0 -26.0526 26.0526 0 -45 45
;
0 8 13 14 13 13 15 6311.62 1 4862 1.21212 22.9952 48.0035 97.4684 97.4684 98.7342 94.9367 94.9367 0 0 0 0 0 0 0 0 -26.0526 26.0526 0 -45 45
;
0 9 13 14 13 13 15 6311.62 1 4862 -12.1212 22.9952 48.0035 97.4684 97.4684 98.7342 94.9367 94.9367 0 0 0 0 0 0 0 0 -26.0526 26.0526 0 -45 45
;
0 9 13 14 13 13 15 6311.62 1 4862 -21.8182 22.9952 48.0035 97.4684 97.4684 98.7342 94.9367 94.9367 0 0 0 0 0 0 0 0 -26.0526 26.0526 0 -45 45
;
0 11 13 12 13 13 15 6311.62 1 4862 -55.7576 22.9952 48.0035 97.4684 97.4684 98.7342 94.9367 94.9367 0 0 0 0 0 0 0 0 -26.0526 26.0526 0 -45 45
;
0 24 15 14 13 13 15 6311.62 1 4862 1.21212 22.9952 48.0035 97.4684 97.4684 98.7342 94.9367 94.9367 0 0 0 0 0 0 0 0 -26.0526 26.0526 0 -45 45
;
0 51 14 14 14 14 14 6311.62 1 4862 1.21212 22.9952 48.0035 0 1.26582 98.7342 0 0 0 0 0 0 0 0 0 0 -26.0526 26.0526 0 -45 45
;
0 24 14 14 14 14 14 6311.62 1 4862 1.21212 22.9952 48.0035 0 97.4684 98.7342 0 0 0 0 0 0 0 0 0 0 -26.0526 26.0526 0 -45 45
;
0 14 15 14 14 14 15 6311.62 1 4862 1.21212 22.9952 48.0035 97.4684 97.4684 98.7342 94.9367 0 0 0 0 0 0 0 0 0 -26.0526 26.0526 0 -45 45
;
0 13 14 14 14 14 14 6311.62 1 4862 1.21212 22.9952 48.0035 0 1.26582 98.7342 0 0 0 0 0 0 0 0 0 0 -26.0526 26.0526 0 -45 45
;
0 14 15 14 14 14 15 6311.62 1 4862 1.21212 22.9952 48.0035 97.4684 97.4684 98.7342 94.9367 0 0 0 0 0 0 0 0 0 -26.0526 26.0526 0 -45 45
;
0 10 15 14 14 13 15 6311.62 1 4862 1.21212 22.9952 48.0035 97.4684 97.4684 98.7342 94.9367 94.9367 0 0 0 0 0 0 0 0 -26.0526 26.0526 0 -45 45
;
0 12 15 14 14 14 15 6311.62 1 4862 1.21212 22.9952 48.0035 97.4684 97.4684 98.7342 94.9367 0 0 0 0 0 0 0 0 0 -26.0526 26.0526 0 -45 45
;
0 19 14 14 14 14 14 6311.62 1 4862 1.21212 22.9952 48.0035 0 1.26582 98.7342 0 0 0 0 0 0 0 0 0 0 -26.0526 26.0526 0 -45 45
;
0 8 15 14 14 13 15 6311.62 1 4862 1.21212 22.9952 48.0035 97.4684 97.4684 98.7342 94.9367 94.9367 0 0 0 0 0 0 0 0 -26.0526 26.0526 0 -45 45
;
0 11 15 14 14 14 15 6311.62 1 4862 1.21212 22.9952 48.0035 97.4684 97.4684 98.7342 94.9367 0 0 0 0 0 0 0 0 0 -26.0526 26.0526 0 -45 45
;
0 6 15 14 14 14 14 6311.62 1 4862 1.21212 22.9952 48.0035 97.4684 97.4684 98.7342 0 0 0 0 0 0 0 0 0 0 -26.0526 26.0526 0 -45 45
;
